8
S   5   1.00
   5887.5727030              0.13483347987D-02
    885.61225996             0.10071576809D-01
    201.13604899             0.45132454056D-01
     56.284974674            0.11461268043
     17.229551243            0.10159608943
S   3   1.00
     29.340249922            0.69347454208D-01
      3.0439630420          -0.42528117679
      1.1285539518          -0.41449832210
S   1   1.00
      0.14234175160          1.0000000
S   1   1.00
      0.54400192313D-01      1.0000000
P   5   1.00
    145.11918809             0.63963373134D-02
     33.717894833            0.44189359965D-01
     10.369863083            0.15581575993
      3.5135616036           0.28635286951
      1.1980050273           0.22921423248
P   1   1.00
      0.26583005913          1.0000000
P   1   1.00
      0.71003361994D-01      1.0000000
D   1   1.00
      0.3000000              1.0000000
