12
S   6   1.00
 100146.5255400              0.14258349617D-02
  15036.8617110              0.10930176963D-01
   3421.2902833              0.54294174610D-01
    966.16965717             0.18976078153
    314.87394026             0.38775195453
    108.70823790             0.30402812040
S   3   1.00
    209.54238950            -0.11162094204
     25.038221139            0.64697607762
     10.390964343            0.44223608673
S   3   1.00
     18.555090093           -0.22994190569
      3.1281217449           0.73319107613
      1.3884885073           0.45533653943
S   1   1.00
      0.24714362141          1.0000000
S   1   1.00
      0.91429428670D-01      1.0000000
P   5   1.00
   1355.6443507              0.89182507898D-02
    319.99929270             0.67454750717D-01
    101.67734092             0.26759772110
     36.886323845            0.53776844520
     13.861115909            0.35992570244
P   3   1.00
      7.4260666912           0.34036849637
      3.0316247187           0.57030149334
      1.2783078340           0.26606170238
P   1   1.00
      0.37568503356          1.0000000
P   1   1.00
      0.11394805454          1.0000000
D   4   1.00
     84.445514539            0.24518402724D-01
     24.190416102            0.14107454677
      8.4045015119           0.36875228915
      2.9808970748           0.48409561362
D   1   1.00
      0.97909243359           .28250268781
D   1   1.00
      0.2930000              1.0000000
