10
S   2   1.00
      8.9610112498          -0.23092977605e-01
      1.7804284294           0.31690635939
S   6   1.00
    303.23376176             0.63504969788e-03
     20.289449240           -0.13823165350
     15.383783126            0.38333193283
      7.4702184232          -0.66837560338
      1.8731608346           0.91545877992
      0.97426847543          0.25559567998
S   1   1.00
      0.29269461143          1.0000000
S   1   1.00
      0.11395353119          1.0000000
P   1   1.00
      2.4814896839           1.0000000
P   4   1.00
     10.722023134            0.26194870008
      8.4823338656          -0.46607228264
      1.3474291294           0.42119853309
      0.62824011467          0.10643224457
P   1   1.00
      0.31036518470          1.0000000
P   1   1.00
      0.10144862043          1.0000000
D   5   1.00
     20.799819604            0.65227965381e-02
      7.1664616770          -0.67780885217e-01
      2.6934397048           0.33954991335
      1.3175112423           0.50899559178
      0.59997066293          0.27526771759
D   1   1.00
      0.23500000000          1.0000000
