10
S   3   1.00
      2.3961900000          -5.9554766710
      2.2433050000           6.6805648241
      0.71740200000         -0.57055347037
S   1   1.00
      0.27420073547          1.0000000
S   1   1.00
      0.40933264188e-01      1.0000000
S   1   1.00
      0.18060156423e-01      1.0000000
P   4   1.00
      2.9267420000           0.79815276764
      2.5207180000          -1.0707548832
      0.67578180854          0.34940781448
      0.31985844531          0.65041110673
P   1   1.00
      0.13221792446          1.0000000
P   1   1.00
      0.33039565349e-01      1.0000000
D   4   1.00
      0.9663150             -0.9089380
      0.8938280              0.9472400
      0.2731950              0.3220570
      0.1038910              0.4732600
D   1   1.00
      0.0355780              0.365977
F   4   1.00
     10.00                   0.073
      3.20                   0.210
      1.00                   0.350
      0.32                   0.360
