5
S   5   1.00
    515.18616125             0.55615307983e-02
     77.511037595            0.41190068062e-01
     17.552481693            0.17913378108
      4.8028940596           0.44736716455
      1.4516214316           0.42009581920
S   1   1.00
      0.13281633620          1.0000000
S   1   1.00
      0.45837372213e-01      1.0000000
P   3   1.00
      3.6316917145          -0.29033998305e-01
      0.71695694366         -0.16877854032
      0.19541932860         -0.51403419628
P   1   1.00
      0.60515465890e-01      1.0000000
