10
S   6   1.00
  35138.7139290              0.39482520740e-02
   5276.4111348              0.30234243552e-01
   1200.4692589              0.14952019681
    338.71810542             0.51597345713
    109.85385922             1.0339510296
     37.608880299            0.76937933526
S   3   1.00
     73.107977555           -0.28268525011
      8.2407705688           1.6796092142
      3.2959812993           1.2803766016
S   3   1.00
      5.2341800914          -0.76868604561e-02
      0.84187220515          0.25382375978e-01
      0.36510294029          0.16512171511e-01
S   1   1.00
      0.51222402884e-01      1.0000000
S   1   1.00
      0.19825111408e-01      1.0000000
P   5   1.00
    413.11313893             0.20327135354e-01
     96.935786224            0.14730276362
     30.372154659            0.54887167322
     10.684776830            1.0440659818
      3.8821258350           0.68653490684
P   3   1.00
      1.7993016295           0.75410246871
      0.69189056530          1.3409296599
      0.26364024096          0.56391989435
P   1   1.00
      0.0749790              1.0000000
D   3   1.00
      5.4979093879           0.73770011433e-01
      1.3177128032           0.26052853169
      0.32188682649          0.45233836380
D   1   1.00
      0.70528614919e-01      1.0000000
