11
S   3   1.00
      9.7270110000          -1.7930075316
      7.8375230000           2.6110318971
      5.0891940000           0.10748428949
S   1   1.00
      1.4981738327           1.0000000
S   1   1.00
      0.67281383129          1.0000000
S   1   1.00
      0.13297424875          1.0000000
S   1   1.00
      0.46915090488D-01      1.0000000
P   4   1.00
      4.7427160000          -1.0411923051
      3.9366550000           1.1003682332
      1.3569243142           0.65366639411
      0.58791569541          0.24632369113
P   1   1.00
      0.21371239619          1.0000000
P   1   1.00
      0.0516000              1.0000000
D   4   1.00
      7.8631040859          -0.21376239365D-01
      3.2935059133           0.22596399568
      1.4503676025           0.45294402972
      0.59373316766          0.39218971958231D+00
D   1   1.00
      0.21760141520          1.0000000
F   1   1.00
      1.5981300              1.0000000
