23
S   5   1.00
  66920.681013               0.53354568996e-05
   7142.4189995              0.62906813794e-04
   1149.2279001              0.40871341262e-03
    626.04740004             0.80490572888e-04
    137.28129971             0.35588954015e-02
S   1   1.00
     36.635533038            1.0000000
S   1   1.00
     25.975592159            1.0000000
S   1   1.00
     11.889999574            1.0000000
S   1   1.00
      3.0252141613           1.0000000
S   1   1.00
      1.5668772369           1.0000000
S   1   1.00
      0.59326815387          1.0000000
S   1   1.00
      0.26343106489          1.0000000
S   1   1.00
      0.49133748072e-01      1.0000000
S   1   1.00
      0.20685546487e-01      1.0000000
P   3   1.00
      6.4426597317          -0.10809251998
      3.7874569108          -0.23799974996
      1.8328214809          -0.19753993006
P   5   1.00
    327.07561956            -0.33489743734e-03
    109.94564007            -0.26261015536e-03
     21.575915783           -0.70670945942e-01
     13.204880001            0.24802797004
      2.9004539974          -0.25830993994
P   1   1.00
      1.0537771288           1.0000000
P   1   1.00
      0.52732910422          1.0000000
P   1   1.00
      0.21315321772          1.0000000
P   1   1.00
      0.34898392874e-01      1.0000000
D   6   1.00
    351.43296951             0.15414562406e-03
    111.98285958             0.72060746618e-03
     35.871595375            0.60155762879e-02
     13.727132278           -0.62660281656e-01
      7.4300189900           0.18024001053
      3.3622108638           0.43307483998
D   1   1.00
      1.4312365877           1.0000000
D   1   1.00
      0.43709174268          1.0000000
D   1   1.00
      0.12735487202          1.0000000
F   5   1.00
     79.378991738            0.45766774117e-02
     28.911396995            0.33441257011e-01
     13.740248106            0.84318250193e-01
      6.2266295633           0.21059890002
      2.5207644234           0.32118186996
F   1   1.00
      0.94811920472          1.0000000
F   1   1.00
      0.31387499838          1.0000000
G   1   1.00
      0.37110000000          1.0000000
