8
S   5   1.00
  10449.8275660              0.19708362484D-02
   1571.7365221              0.14754727977D-01
    357.12065523             0.66679112875D-01
    100.25185935             0.17228924084
     30.812727554            0.15883786100
S   3   1.00
     51.923789434           -0.10009298909
      5.7045760975           0.60841752753
      2.3508376809           0.54352153355
S   1   1.00
      0.44605124672          1.0000000
S   1   1.00
      0.16848856190          1.0000000
P   5   1.00
    307.66790569            -0.87801484118D-02
     72.102015515           -0.63563355471D-01
     22.532680262           -0.24016428276
      7.8991765444          -0.47798866557
      2.8767268321          -0.38515850005
P   1   1.00
      0.77459363955          1.0000000
P   1   1.00
      0.21037699698          1.0000000
D   1   1.00
      0.6500000              1.0000000
