11
S   6   1.00
  51528.0863490              0.14405823106e-02
   7737.2103487              0.11036202287e-01
   1760.3748470              0.54676651806e-01
    496.87706544             0.18965038103
    161.46520598             0.38295412850
     55.466352268            0.29090050668
S   3   1.00
    107.54732999            -0.10932281100
     12.408671897            0.64472599471
      5.0423628826           0.46262712560
S   3   1.00
      8.5461640165          -0.22711013286
      1.3900441221           0.73301527591
      0.56066602876          0.44225565433
S   1   1.00
      0.71483705972e-01      1.0000000
S   1   1.00
      0.28250687604e-01      1.0000000
P   5   1.00
    640.48536096             0.96126715203e-02
    150.69711194             0.70889834655e-01
     47.503755296            0.27065258990
     16.934120165            0.52437343414
      6.2409680590           0.34107994714
P   3   1.00
      3.0885463206           0.33973986903
      1.1791047769           0.57272062927
      0.43369774432          0.24582728206
P   1   1.00
      0.1206750              1.0000000
D   4   1.00
     27.559479426            0.30612488044e-01
      7.4687020327           0.15593270944
      2.4345903574           0.36984421276
      0.78244754808          0.47071118077
D   1   1.00
      0.21995774311           .33941649889
F   1   1.00
      1.1470000              1.0000000
