10
S   3   1.00
      5.8778113443           0.12859994983
      4.3631538286          -0.34632569725
      1.8048475155           0.69930637051
S   1   1.00
      0.37485237136          1.0000000
S   1   1.00
      0.16384858778          1.0000000
S   1   1.00
      0.27230462048e-01      1.0000000
S   1   1.00
      0.11991533212e-01      1.0000000
P   4   1.00
      4.2751856154           0.45723074174e-01
      1.9656663360          -0.25019961976
      0.47689195212          0.55660850066
      0.21529749588          0.58218553406
P   1   1.00
      0.91450850296e-01      1.0000000
P   1   1.00
      0.17592078473e-01      1.0000000
D   1   1.00
      0.1330000              1.0000000
D   1   1.00
      0.33216214821e-01      1.0000000
