11
S   6   1.00
  76381.3480560              0.14336079896D-02
  11468.7774990              0.10986749865D-01
   2609.4246495              0.54513652465D-01
    736.75033098             0.18990128258
    239.82419958             0.38581959211
     82.656829252            0.29790607498
S   3   1.00
    160.13544196            -0.11146778567
     18.834177695            0.65349301031
      7.7176595741           0.44770534421
S   3   1.00
     13.710846717           -0.22870911122
      2.2349895670           0.73464423031
      0.87818360069          0.43273070874
S   1   1.00
      0.87187458064D-01      1.0000000
S   1   1.00
      0.32969114665D-01      1.0000000
P   5   1.00
    991.24075782             0.93878498798D-02
    233.69376116             0.70208282458D-01
     74.020930927            0.27323522220
     26.664967447            0.53580792728
      9.9192087478           0.34575794906
P   3   1.00
      5.1519553926           0.34229108083
      1.9638205828           0.56456592484
      0.71560097037          0.24078584318
P   1   1.00
      0.1550650              1.0000000
D   4   1.00
     47.335049590            0.32375547758D-01
     13.161666077            0.16810218684
      4.3693777244           0.38477707982
      1.4132925109           0.46147880178
D   1   1.00
      0.38878001452           .32388873258
F   1   1.00
      2.2330000              1.0000000
