24
S   5   1.00
  89905.087967               0.62781657270e-04
  13532.874009               0.47657103982e-03
   3087.3041851              0.22605413622e-02
    870.91988365             0.67086319856e-02
    263.42619956             0.10879330861e-01
S   1   1.00
     52.500713895            1.0000000
S   1   1.00
     37.581382089            1.0000000
S   1   1.00
     18.912971679            1.0000000
S   1   1.00
      4.6239214498           1.0000000
S   1   1.00
      2.3041930973           1.0000000
S   1   1.00
      0.85863412999          1.0000000
S   1   1.00
      0.37110262826          1.0000000
S   1   1.00
      0.61662491480e-01      1.0000000
S   1   1.00
      0.24584445323e-01      1.0000000
P   3   1.00
     12.016230353           -0.14605900029
      6.0054176475          -0.21361596969
      2.4556283406          -0.17724687980
P   5   1.00
    414.60237000            -0.48621713352e-02
    108.84329626            -0.15954630848e-01
     31.617029575           -0.56262592664e-01
     16.756354088            0.23405978991
      4.3246811920          -0.30821373958
P   1   1.00
      1.6586351400           1.0000000
P   1   1.00
      0.68003410285          1.0000000
P   1   1.00
      0.27167236103          1.0000000
P   1   1.00
      0.68570272858e-01      1.0000000
P   1   1.00
      0.26118405217e-01      1.0000000
D   6   1.00
    442.45728590             0.14478671600e-02
    134.20246886             0.11547711137e-01
     51.740820342            0.46847287330e-01
     21.674727910            0.10408299926
      8.6565948052           0.28843400029
      4.2019652925           0.44983300012
D   1   1.00
      1.8425605547           1.0000000
D   1   1.00
      0.53932759071          1.0000000
D   1   1.00
      0.14463366682          1.0000000
F   5   1.00
     97.460421254            0.11457647551e-01
     37.497554672            0.72156098423e-01
     18.142214451            0.16596525079
      8.6138851625           0.29062700003
      3.7452822405           0.35241091001
F   1   1.00
      1.4954025305           1.0000000
F   1   1.00
      0.52001167737          1.0000000
G   1   1.00
      0.50180000000          1.0000000
