23
S   5   1.00
  70059.419949               0.99197881972e-04
  10776.234966               0.70975938746e-03
   2482.4900699              0.33691158275e-02
    704.07506082             0.10209902958e-01
    216.79260142             0.16593060495e-01
S   1   1.00
     41.471766837            1.0000000
S   1   1.00
     29.498972710            1.0000000
S   1   1.00
     15.057310790            1.0000000
S   1   1.00
      3.7727553910           1.0000000
S   1   1.00
      1.9221051172           1.0000000
S   1   1.00
      0.71313201845          1.0000000
S   1   1.00
      0.30957297075          1.0000000
S   1   1.00
      0.54890137237e-01      1.0000000
S   1   1.00
      0.22706210302e-01      1.0000000
P   3   1.00
      7.3890693878          -0.10983328004
      4.5696085919          -0.24311507006
      1.9405010919          -0.18613840990
P   5   1.00
    363.81825643            -0.18457241391e-02
    105.32639881            -0.55154684182e-02
     25.605685306           -0.75874760044e-01
     15.746330058            0.24469517993
      3.3155465132          -0.26310272012
P   1   1.00
      0.90025203113          1.0000000
P   1   1.00
      0.34467925482          1.0000000
P   1   1.00
      0.99026561981e-01      1.0000000
P   1   1.00
      0.27117030486e-01      1.0000000
D   6   1.00
    388.95843069             0.48491161287e-03
    118.25438952             0.40594973114e-02
     44.980829930            0.16014298481e-01
     22.794111850            0.12393364502e-01
      7.7117339945           0.27043836001
      3.9280999668           0.44542158001
D   1   1.00
      1.9018719826           1.0000000
D   1   1.00
      0.83079077308          1.0000000
D   1   1.00
      0.15011757356          1.0000000
F   5   1.00
     77.583757677            0.10553012459e-01
     30.866596970            0.58875716023e-01
     15.180664105            0.12662002048
      7.2916025684           0.25335075021
      3.1127394549           0.34800837980
F   1   1.00
      1.2059599667           1.0000000
F   1   1.00
      0.40570730226          1.0000000
G   1   1.00
      0.47520000000          1.0000000
