11
S   6   1.00
  60923.6406430              0.14302254466D-02
   9147.8893982              0.10958790038D-01
   2081.3505927              0.54332554248D-01
    587.55977067             0.18884995009
    191.09043990             0.38253069946
     65.732730112            0.29308335984
S   3   1.00
    127.25891928            -0.10964564925
     14.830913010            0.64387631332
      6.0653307408           0.45472347323
S   3   1.00
     10.449943710           -0.22539639952
      1.7245228003           0.72164398156
      0.71772177325          0.44985492922
S   1   1.00
      0.91449828308D-01      1.0000000
S   1   1.00
      0.33706691021D-01      1.0000000
P   5   1.00
    773.43750995             0.94325735144D-02
    182.15149714             0.70029620575D-01
     57.547272758            0.26993651996
     20.614988935            0.52700011047
      7.6348557890           0.34284148028
P   3   1.00
      3.8719327990           0.33974402988
      1.4924724132           0.56842594005
      0.56061284958          0.23649365839
P   1   1.00
      0.1349150              1.0000000
D   4   1.00
     38.968133419            0.27879664382D-01
     10.800067078            0.14858319982
      3.6136457999           0.36905479496
      1.2129967888           0.47745100883
D   1   1.00
      0.36524393170           .31418142304
F   1   1.00
      1.5980000              1.0000000
