12
S   6   1.00
  87842.1262960              0.14271588798e-02
  13189.4964020              0.10938894097e-01
   3000.9482141              0.54308200127e-01
    847.38425966             0.18951055983
    276.00980642             0.38615185918
     95.216672071            0.30051082719
S   3   1.00
    184.00703968            -0.11124461963
     21.827051433            0.64831322918
      9.0026963761           0.44358383594
S   3   1.00
     16.033176938           -0.23014299555
      2.6707724878           0.72946861516
      1.1252834170           0.46214976951
S   1   1.00
      0.15967608829          1.0000000
S   1   1.00
      0.57643044753e-01      1.0000000
P   5   1.00
   1167.2665844              0.90974021307e-02
    275.38062789             0.68456273343e-01
     87.375073070            0.26922293888
     31.597254670            0.53507897882
     11.824122798            0.35279062760
P   3   1.00
      6.2881845133           0.33938244530
      2.5199853240           0.56871947608
      1.0169726306           0.27717694939
P   1   1.00
      0.24748373604          1.0000000
P   1   1.00
      0.66685294163e-01      1.0000000
D   4   1.00
     65.354237674            0.27370146382e-01
     18.504656747            0.15099463976
      6.3179620632           0.37485328545
      2.1641389426           0.47510606851
D   1   1.00
      0.66693092754           .29843287401
D   1   1.00
      0.2070000              1.0000000
