23
S   5   1.00
  70672.988842               0.13491222598D-03
  10580.420123               0.10050373452D-02
   2466.3122578              0.46044857317D-02
    713.68236714             0.13578154286D-01
    223.69591430             0.20914481676D-01
S   1   1.00
     42.882440855            1.0000000
S   1   1.00
     30.594960649            1.0000000
S   1   1.00
     15.796292588            1.0000000
S   1   1.00
      3.9530122875           1.0000000
S   1   1.00
      2.0083476883           1.0000000
S   1   1.00
      0.74791439757          1.0000000
S   1   1.00
      0.32543426236          1.0000000
S   1   1.00
      0.58171880053D-01      1.0000000
S   1   1.00
      0.23662469351D-01      1.0000000
P   3   1.00
      8.2258167560          -0.11016579005
      4.7846927151          -0.24309982006
      2.0168765835          -0.18593105989
P   5   1.00
    366.75975373            -0.23557870017D-02
     99.807077813           -0.74172969981D-02
     25.498862418           -0.75604159993D-01
     15.824827186            0.24452015993
      3.4693745369          -0.26401503013
P   1   1.00
      0.97079278533          1.0000000
P   1   1.00
      0.37486899889          1.0000000
P   1   1.00
      0.10441243843          1.0000000
P   1   1.00
      0.28325755449D-01      1.0000000
D   6   1.00
    405.72356198             0.58721238134D-03
    123.05344944             0.51412189041D-02
     46.085118127            0.21448973302D-01
     20.104383231            0.29566788500D-01
      7.8258997682           0.28823956979
      3.9400714322           0.44970385020
D   1   1.00
      1.8215864237           1.0000000
D   1   1.00
      0.59087478853          1.0000000
D   1   1.00
      0.16712976332          1.0000000
F   5   1.00
     83.081389310            0.10738945322D-01
     32.747387574            0.62668424876D-01
     16.030306565            0.13767548062
      7.5799787884           0.27070610989
      3.2777593125           0.34421737998
F   1   1.00
      1.3242580569           1.0000000
F   1   1.00
      0.46934193279          1.0000000
G   1   1.00
      0.47570000000          1.0000000
