12
S   6   1.00
  93889.8366420              0.14233976060D-02
  14097.4975280              0.10910795654D-01
   3207.5477309              0.54183705943D-01
    905.76727269             0.18922820349
    295.11014693             0.38612847001
    101.84713141             0.30164050736
S   3   1.00
    196.56719662            -0.11118770940
     23.405292522            0.64616007369
      9.6839116702           0.44188904568
S   3   1.00
     17.269736544           -0.23027421375
      2.8964622160           0.73017169398
      1.2553621412           0.46197222255
S   1   1.00
      0.20213081492          1.0000000
S   1   1.00
      0.73867910982D-01      1.0000000
P   5   1.00
   1259.2085995              0.90115464252D-02
    297.15626382             0.67986841689D-01
     94.353387522            0.26853856488
     34.176329677            0.53659649219
     12.816139615            0.35633514961
P   3   1.00
      6.8471029784           0.33900693119
      2.7717363939           0.56809365264
      1.1458418175           0.27246539884
P   1   1.00
      0.30679631536          1.0000000
P   1   1.00
      0.89283644115D-01      1.0000000
D   4   1.00
     74.782168177            0.25755860205D-01
     21.310849759            0.14536816132
      7.3464792363           0.37134209859
      2.5656271395           0.48002998436
D   1   1.00
      0.81981773070           .28978790744
D   1   1.00
      0.2460000              1.0000000
