12
S   2   1.00
     14.592485000           -0.80196298812
     11.547491000            1.5261602829
S   1   1.00
      4.9112973928           1.0000000
S   1   1.00
      0.79665469409          1.0000000
S   1   1.00
      0.34234072894          1.0000000
S   1   1.00
      0.98109197714D-01      1.0000000
S   1   1.00
      0.36190984443D-01      1.0000000
P   4   1.00
      6.7265310000           0.65076205465872
      5.9599790000          -0.83713508620273
      1.0921117054           0.50570506286223
      0.49702823217          0.51965388690539
P   1   1.00
      0.20258973792          1.0000000
P   1   1.00
      0.0336000              1.0000000
D   4   1.00
      3.9820623229          -0.042446023944105
      1.3077987772           0.18409232564002
      0.53272310298          0.41484423515705
      0.20564954488          0.44224303496859
D   1   1.00
      0.73099858787D-01      1.0000000
F   1   1.00
      0.3154700              1.0000000
