23
S   5   1.00
  86373.971970               0.79015833237e-04
  13014.199991               0.59044153582e-03
   2974.2416816              0.28044165532e-02
    841.50102397             0.83654110434e-02
    258.12229953             0.13417454822e-01
S   1   1.00
     49.797436241            1.0000000
S   1   1.00
     35.619129432            1.0000000
S   1   1.00
     18.132831603            1.0000000
S   1   1.00
      4.4388465321           1.0000000
S   1   1.00
      2.2178997015           1.0000000
S   1   1.00
      0.82910712504          1.0000000
S   1   1.00
      0.35754269507          1.0000000
S   1   1.00
      0.60448304436e-01      1.0000000
S   1   1.00
      0.24325813546e-01      1.0000000
P   3   1.00
     11.888029769           -0.12903641994
      5.8162113192          -0.22873476010
      2.1380311989          -0.17723865993
P   5   1.00
    375.06118609            -0.46796071569e-02
     99.913165016           -0.14195747920e-01
     27.864912243           -0.67656444679e-01
     16.549344888            0.23909121016
      3.9370381918          -0.28419176015
P   1   1.00
      1.5218672655           1.0000000
P   1   1.00
      0.62990396448          1.0000000
P   1   1.00
      0.24707353259          1.0000000
P   1   1.00
      0.38623978525e-01      1.0000000
D   6   1.00
    454.17722117             0.10110825311e-02
    138.09620072             0.83338313893e-02
     52.230007807            0.35618173184e-01
     21.837837917            0.76820126208e-01
      8.5371238221           0.29226370021
      4.1763491634           0.45716800011
D   1   1.00
      1.8539028382           1.0000000
D   1   1.00
      0.55365841853          1.0000000
D   1   1.00
      0.15020740951          1.0000000
F   5   1.00
    108.24992900             0.85764844126e-02
     40.685432927            0.62987987351e-01
     18.662280664            0.16365688122
      8.3486301092           0.29582468954
      3.5665363921           0.34369415009
F   1   1.00
      1.4413881005           1.0000000
F   1   1.00
      0.50707136518          1.0000000
G   1   1.00
      0.49850000000          1.0000000
