10
S   2   1.00
     11.720547572           -0.16160234511D-01
      1.7625986449           0.35271525193
S   6   1.00
    445.90489176             0.20037290389D-02
     23.336842412           -0.14989397324
     19.583446104            0.36436474913
      8.5112089186          -0.75538138199
      2.1996161861           0.82816359356
      1.0668970454           0.42161048110
S   1   1.00
      0.28697476318          1.0000000
S   1   1.00
      0.11227609607          1.0000000
P   1   1.00
      3.0288656771           1.0000000
P   4   1.00
     20.499027254            0.77159335656D-01
     10.558754576           -0.38370372780
      1.5015895485           0.83554174719
      0.64597173095          0.16787259488
P   1   1.00
      0.34506591841          1.0000000
P   1   1.00
      0.11134513813          1.0000000
D   5   1.00
     51.235354920            0.40345130346D-02
     15.616239482           -0.50768108881D-02
      4.5266002139           0.29151065356
      2.0529808766           0.51145783605
      0.87640281623          0.31232025297
D   1   1.00
      0.30900000000          1.0000000
