10
S   2   1.00
      1.8276654775          -0.34151640249
      0.83753492534         -0.59696724334
S   6   1.00
    283.52297445             0.70132141424e-03
     23.324282101           -0.90887432418e-01
     16.868026844            0.28096825177
      6.7866498137          -0.70697832452
      1.6782596016           0.98671644913
      0.78396870439          0.62568576302
S   1   1.00
      0.16643068973          1.0000000
S   1   1.00
      0.61143742809e-01      1.0000000
P   1   1.00
      2.3284433667           1.0000000
P   4   1.00
     14.699191826            0.92248042349e-01
      8.8709038051          -0.32437029300
      1.1342905889           0.61162217018
      0.52667652433          0.17609640386
P   1   1.00
      0.16859144934          1.0000000
P   1   1.00
      0.50070381081e-01      1.0000000
D   5   1.00
     31.378655926            0.54007004722e-02
     18.290046326           -0.11208558948e-01
      3.2551894590           0.30384519161
      1.3874842584           0.54078109979
      0.54248962672          0.38232680038
D   1   1.00
      0.18000000000          1.0000000
