12
S   2   1.00
     15.293709000           -1.6731899791
     13.573682000            2.3934378976
S   1   1.00
      5.8213436542           1.0000000
S   1   1.00
      1.1520364268           1.0000000
S   1   1.00
      0.51104895338          1.0000000
S   1   1.00
      0.14084043578          1.0000000
S   1   1.00
      0.49828673085e-01      1.0000000
P   4   1.00
      8.6697960000           0.21469187346391
      6.2456140000          -0.44863071815131
      1.5657036153           0.50653393256771
      0.75577412863          0.54052273352337
P   1   1.00
      0.31306011113          1.0000000
P   1   1.00
      0.0548000              1.0000000
D   4   1.00
      3.6994850000          -0.54840155964653
      3.3617430000           0.56835425804006
      1.1177053710           0.44304381513032
      0.44322534858          0.47078394930144
D   1   1.00
      0.15641305125          1.0000000
F   1   1.00
      0.6100800              1.0000000
