10
S   6   1.00
  31478.7467640              0.39838653994e-02
   4726.8876066              0.30501759762e-01
   1075.4345353              0.15073752622
    303.39811023             0.51912939801
     98.327112831            1.0366957005
     33.636222177            0.76398963199
S   3   1.00
     65.639209962           -0.28242617106
      7.3162592218           1.6914935860
      2.8902580135           1.2965331953
S   3   1.00
      4.5459748965          -0.76343555273e-02
      0.70404124062          0.25635718960e-01
      0.28266888959          0.16606859208e-01
S   1   1.00
      0.29058164020e-01      1.0000000
S   1   1.00
      0.12111638157e-01      1.0000000
P   5   1.00
    361.22492154             0.20906479823e-01
     84.670222166            0.15043641740
     26.469088236            0.55440061077
      9.2658077615           1.0409009991
      3.3423388293           0.67825341194
P   3   1.00
      1.5100876104           0.75248191146
      0.56568375163          1.3708585031
      0.20817008495          0.66047633079
P   1   1.00
      0.0417370              1.0000000
D   1   1.00
      0.3530000              1.0000000
D   1   1.00
      0.0980000              1.0000000
