12
S   6   1.00
 120165.6487500              0.14294234496D-02
  18042.5001690              0.10959597020D-01
   4105.1800388              0.54479647470D-01
   1159.4447248              0.19081239122
    378.13810346             0.39140445949
    130.67610045             0.31007346689
S   3   1.00
    250.96373353            -0.11258604011
     30.265930380            0.64816322524
     12.668110757            0.44240238994
S   3   1.00
     22.697940101           -0.22391964908
      3.8673017398           0.74060953026
      1.8013706671           0.40803658445
S   1   1.00
      0.40308639136          1.0000000
S   1   1.00
      0.15170527749          1.0000000
P   5   1.00
   1668.5736623              0.86215009803D-02
    394.13862798             0.65665506884D-01
    125.46644854             0.26366576697
     45.704992729            0.53867658574
     17.270133229            0.36865167502
P   3   1.00
      9.2699487770           0.34346189015
      3.8364617719           0.57784776196
      1.6467163312           0.23075615197
P   1   1.00
      0.61479686489          1.0000000
P   1   1.00
      0.18319467414          1.0000000
D   4   1.00
    115.55868603             0.21945485333D-01
     33.477985864            0.13211212879
     11.834450207            0.36333306964
      4.3408254894           0.49300484446
D   1   1.00
      1.5079273157            .26676858913
D   1   1.00
      0.4430000              1.0000000
