12
S   2   1.00
      5.0873990000          -0.44173707857
      4.2709780000           0.85812489720
S   1   1.00
      2.1823803999           1.0000000
S   1   1.00
      0.48954926461          1.0000000
S   1   1.00
      0.23292032550          1.0000000
S   1   1.00
      0.55595529876e-01      1.0000000
S   1   1.00
      0.22795184937e-01      1.0000000
P   4   1.00
      3.0251610000          -0.28580266654872e+00
      2.3820950000           0.51718364643673e+00
      0.67246658081         -0.44823115995325e+00
      0.32519427171         -0.58864843929619e+00
P   1   1.00
      0.13635489374          1.0000000
P   1   1.00
      0.0251000              1.0000000
D   4   1.00
      1.2667182018          -0.17445579381106e+00
      0.89049882672          0.25137236211233e+00
      0.32947291040          0.44604068239531e+00
      0.13398788830          0.44878277154181e+00
D   1   1.00
      0.51275503081e-01      1.0000000
F   1   1.00
      0.2568300              1.0000000
