24
S   5   1.00
  95170.170993               0.22048071918e-04
  15488.459998               0.14580380945e-03
   3776.2465986              0.65203151917e-03
   1079.0522042              0.20386734814e-02
    268.95400890             0.51271478497e-02
S   1   1.00
     63.480150654            1.0000000
S   1   1.00
     45.178236733            1.0000000
S   1   1.00
     21.463101062            1.0000000
S   1   1.00
      5.3501284738           1.0000000
S   1   1.00
      2.6784324209           1.0000000
S   1   1.00
      1.0286996374           1.0000000
S   1   1.00
      0.44065582250          1.0000000
S   1   1.00
      0.79102478336e-01      1.0000000
S   1   1.00
      0.31295760125e-01      1.0000000
P   3   1.00
     12.304490544           -0.15335298012
     11.051197278           -0.20411242014
      2.0069549241          -0.19274218978
P   5   1.00
    489.41244804            -0.59172755508e-02
    133.95373952            -0.17374475216e-01
     45.499231322           -0.35436272607e-01
     15.561271894            0.23702673982
      5.8487824789          -0.30715978024
P   1   1.00
      3.7750599965           1.0000000
P   1   1.00
      1.1351251245           1.0000000
P   1   1.00
      0.40414348915          1.0000000
P   1   1.00
      0.81876438258e-01      1.0000000
P   1   1.00
      0.29091071778e-01      1.0000000
D   6   1.00
    487.98257108             0.22003768687e-02
    146.93406718             0.17961502146e-01
     55.761579916            0.74133589068e-01
     22.898741759            0.16158924962
      9.1045787832           0.30816877026
      4.1457846324           0.44860151987
D   1   1.00
      1.7383363795           1.0000000
D   1   1.00
      0.47338644306          1.0000000
D   1   1.00
      0.12126581102          1.0000000
F   5   1.00
    110.27466442             0.10473142686e-01
     41.223249497            0.75005497458e-01
     17.728967182            0.20262004978
      7.4262392641           0.30601327947
      3.0434594520           0.29349093032
F   1   1.00
      1.1752462623           1.0000000
F   1   1.00
      0.38920482897          1.0000000
G   1   1.00
      0.70090000000          1.0000000
