8
S   5   1.00
   4953.8339196             -0.57778967498D-02
    745.18044154            -0.43124761082D-01
    169.21604972            -0.19268216987
     47.300672019           -0.48641439116
     14.461336973           -0.42550894077
S   3   1.00
     24.768174789            0.87956969984D-01
      2.4940945349          -0.55165058128
      0.87807584533         -0.53443294833
S   1   1.00
      0.87212782497D-01      1.0000000
S   1   1.00
      0.33599293780D-01      1.0000000
P   5   1.00
     98.053010494           -0.14480564601D-01
     22.586932277           -0.95495750787D-01
      6.8391509842          -0.30787672651
      2.2332843818          -0.49936292886
      0.71606599387         -0.31503476213
P   1   1.00
      0.18914796195          1.0000000
P   1   1.00
      0.53768755187D-01      1.0000000
D   1   1.00
      0.1010000              1.0000000
