11
S   3   1.00
      7.2033800000          -0.89310617237
      5.0522950000           1.6074095756
      2.9135330000           0.27804186088
S   1   1.00
      0.97858218681          1.0000000
S   1   1.00
      0.44369153753          1.0000000
S   1   1.00
      0.92150090705e-01      1.0000000
S   1   1.00
      0.34802246935e-01      1.0000000
P   4   1.00
      3.1518660000          -0.71873040872
      2.4534820000           0.76442887870
      0.85030192180          0.64808585640
      0.36918237179          0.26792115234
P   1   1.00
      0.13490627460          1.0000000
P   1   1.00
      0.38200000000e-01      1.0000000
D   4   1.00
      5.0044445497          -0.21587364862e-01
      1.7736823324           0.20958680086
      0.76950591696          0.43730880599
      0.31530878939          0.41123927009
D   1   1.00
      0.11754374390          1.0000000
F   1   1.00
      0.6554500              1.0000000
