7
S   5   1.00
   4098.2003908             -0.58535911879D-02
    616.49374031            -0.43647161872D-01
    139.96644001            -0.19431465884
     39.073441051           -0.48685065731
     11.929847205           -0.41881705137
S   3   1.00
     20.659966030            0.85949689854D-01
      1.9838860978          -0.56359144041
      0.64836323942         -0.51954009048
S   1   1.00
      0.52443967404D-01      1.0000000
S   1   1.00
      0.28048160742D-01      1.0000000
P   5   1.00
     75.401862017            0.154353625324D-01
     17.274818978            0.997382931840D-01
      5.1842347425           0.312095939659
      1.6601211973           0.492956748074
      0.51232528958          0.324203983180
P   1   1.00
      0.0520000              1.0000000
D   1   1.00
      0.1310000              1.0000000
