23
S   5   1.00
  67945.589998               0.15299711665D-04
   9404.4082999              0.12674409408D-03
   2084.3176993              0.61221710105D-03
    586.98950146             0.17739474060D-02
    142.94059959             0.53914813391D-02
S   1   1.00
     39.693624133            1.0000000
S   1   1.00
     28.133555003            1.0000000
S   1   1.00
     13.073869856            1.0000000
S   1   1.00
      3.3462733223           1.0000000
S   1   1.00
      1.7240490407           1.0000000
S   1   1.00
      0.64202940985          1.0000000
S   1   1.00
      0.28282444878          1.0000000
S   1   1.00
      0.51912354259D-01      1.0000000
S   1   1.00
      0.21699999987D-01      1.0000000
P   3   1.00
      6.6991804793          -0.10880817996
      4.1313898195          -0.24075763993
      1.9296521950          -0.19053217011
P   5   1.00
    337.91791098            -0.68684743279D-03
    106.72630985            -0.15787010610D-02
     22.902021939           -0.72541473805D-01
     14.182626993            0.24738324005
      2.9833820008          -0.25916927995
P   1   1.00
      0.98289917086          1.0000000
P   1   1.00
      0.46725112090          1.0000000
P   1   1.00
      0.19101301246          1.0000000
P   1   1.00
      0.32216083150D-01      1.0000000
D   6   1.00
    349.97103999             0.25325849637D-03
    106.30916032             0.19954104062D-02
     38.084790456            0.10264026870D-01
     15.190266675           -0.31479363586D-01
      7.3468424902           0.22394642000
      3.7457186247           0.43695051001
D   1   1.00
      1.8206864375           1.0000000
D   1   1.00
      0.80467431362          1.0000000
D   1   1.00
      0.15580459753          1.0000000
F   5   1.00
     77.665409193            0.63307674623D-02
     29.584871085            0.43162867647D-01
     14.306700869            0.98413837402D-01
      6.7961131907           0.22166241017
      2.8312623068           0.33558116987
F   1   1.00
      1.0716150265           1.0000000
F   1   1.00
      0.35287431856          1.0000000
G   1   1.00
      0.43120000000          1.0000000
