6
S   5   1.00
   3598.9736625             -0.53259297003e-02
    541.32073112            -0.39817417969e-01
    122.90450062            -0.17914358188
     34.216617022           -0.46893582977
     10.650584124           -0.44782537577
S   1   1.00
      1.3545953960           1.0000000
S   1   1.00
      0.41919362639          1.0000000
P   3   1.00
     28.424053785           -0.46031944795e-01
      6.2822510953          -0.23993183041
      1.6978715079          -0.50871724964
P   1   1.00
      0.43300700172          1.0000000
D   1   1.00
      1.8880000              1.0000000
