11
S   6   1.00
  71074.8032110              0.14260386729e-02
  10672.0209410              0.10928236994e-01
   2428.1389007              0.54212626938e-01
    685.53595148             0.18874768902
    223.10072863             0.38324616985
     76.842014042            0.29550637144
S   3   1.00
    148.71122016            -0.11014443059
     17.459154987            0.64521426988
      7.1625280665           0.44797838103
S   3   1.00
     12.556137125           -0.22645403224
      2.0735740488           0.72320959286
      0.85382640602          0.44868026476
S   1   1.00
      0.10536766271          1.0000000
S   1   1.00
      0.38134087688e-01      1.0000000
P   5   1.00
    916.73608662             0.93439635610e-02
    216.06139913             0.69737374902e-01
     68.383914817            0.27073495012
     24.593843952            0.53078301549
      9.1392960204           0.34410229438
P   3   1.00
      4.7193371746           0.34076082016
      1.8161849234           0.56580169611
      0.67840750720          0.23616717361
P   1   1.00
      0.1465880              1.0000000
D   4   1.00
     47.093832108            0.28982316948e-01
     13.146463975            0.15494995950
      4.4170548925           0.37633115111
      1.4771565078           0.47365096014
D   1   1.00
      0.43735921792           .31247837833
F   1   1.00
      2.1740000              1.0000000
