8
S   5   1.00
   8002.4795106              0.57503489302e-02
   1203.6813590              0.43007628959e-01
    273.44227031             0.19363986252
     76.655541517            0.49651693399
     23.516927435            0.44983262479
S   3   1.00
     39.791683439            0.95188129789e-01
      4.2770343323          -0.57649840368
      1.6940256888          -0.54239583865
S   1   1.00
      0.27567674644          1.0000000
S   1   1.00
      0.10495590099          1.0000000
P   5   1.00
    219.50755823             0.92100565257e-02
     51.274155030            0.65409765745e-01
     15.921595892            0.24033730279
      5.5069913481           0.46318321788
      1.9537719426           0.37392563382
P   1   1.00
      0.47803397932          1.0000000
P   1   1.00
      0.13657952621          1.0000000
D   1   1.00
      0.4500000              1.0000000
