10
S   2   1.00
      8.0719473648          -0.20412061217D-01
      1.4165737490           0.32865829049
S   6   1.00
     55.727520333            0.29681153058D-02
     20.302912827           -0.14352634362
     14.558628750            0.37554188507
      6.5370530973          -0.67253099800
      1.5933900686           0.95887533909
      0.83051419711          0.32593632538
S   1   1.00
      0.20418933370          1.0000000
S   1   1.00
      0.77159007761D-01      1.0000000
P   1   1.00
      2.1359869828           1.0000000
P   4   1.00
      9.5531412199           0.20542943990
      7.5327685129          -0.36407590058
      1.1185539567           0.32217481686
      0.53739855255          0.96677743015D-01
P   1   1.00
      0.20027494801          1.0000000
P   1   1.00
      0.63408011513D-01      1.0000000
D   5   1.00
     13.494505735            0.11571042371D-01
      7.0609770411          -0.66746645076D-01
      2.1581835375           0.33978760942
      1.0148541418           0.48523039273
      0.44632672920          0.29682924018
D   1   1.00
      0.17500000000          1.0000000
