11
S   3   1.00
      8.4756400000           1.2392391076
      7.1657170000          -1.6563109970
      3.1821100000          -0.13178619060
S   1   1.00
      1.3973644196           1.0000000
S   1   1.00
      0.60532955868          1.0000000
S   1   1.00
      0.10229514209          1.0000000
S   1   1.00
      0.37338972881D-01      1.0000000
P   4   1.00
      4.2460970000          -0.82324104973
      3.3925940000           0.87084659933
      1.1975891264           0.63512225791
      0.52673750585          0.27225338752
P   1   1.00
      0.20607094098          1.0000000
P   1   1.00
      0.37000000000D-01      1.0000000
D   4   1.00
      7.3613290985          -0.17199885828D-01
      2.6291037258           0.23313745275
      1.1292744634           0.44536385867
      0.44471659896          0.39293650406
D   1   1.00
      0.15544893836          1.0000000
F   1   1.00
      1.2462900              1.0000000
