23
S   5   1.00
  69643.016176               0.28524459838D-04
  10512.975999               0.21910586809D-03
   2302.5577969              0.11389150806D-02
    604.32326068             0.36892815305D-02
    155.76229941             0.77625627052D-02
S   1   1.00
     43.173804972            1.0000000
S   1   1.00
     27.981875362            1.0000000
S   1   1.00
     13.759168425            1.0000000
S   1   1.00
      3.4726211613           1.0000000
S   1   1.00
      1.7876809716           1.0000000
S   1   1.00
      0.66385932618          1.0000000
S   1   1.00
      0.29432286562          1.0000000
S   1   1.00
      0.53777377236D-01      1.0000000
S   1   1.00
      0.22018456682D-01      1.0000000
P   3   1.00
      6.8176925828          -0.10890188998
      4.2360890656          -0.23718506004
      1.8070700790          -0.19282191998
P   5   1.00
    339.76458492            -0.85533779048D-03
    106.61582962            -0.22084780946D-02
     23.794945082           -0.74383344179D-01
     14.890097958            0.24496901994
      3.1414930061          -0.26350303009
P   1   1.00
      0.83763790196          1.0000000
P   1   1.00
      0.33437243501          1.0000000
P   1   1.00
      0.96665953889D-01      1.0000000
P   1   1.00
      0.29345374972D-01      1.0000000
D   6   1.00
    340.78166324             0.40090731479D-03
    103.67954340             0.26107865185D-02
     37.212747099            0.14168064598D-01
     16.602821939           -0.11024496723D-01
      7.1740013083           0.24287043000
      3.5481812680           0.43182902002
D   1   1.00
      1.6031227152           1.0000000
D   1   1.00
      0.52788598860          1.0000000
D   1   1.00
      0.15181013129          1.0000000
F   5   1.00
     72.470874239            0.93295004544D-02
     29.754673135            0.48048088325D-01
     15.159459966            0.10434721027
      7.3059158563           0.23374544012
      3.1235836074           0.34134276989
F   1   1.00
      1.2296570326           1.0000000
F   1   1.00
      0.42651965763          1.0000000
G   1   1.00
      0.45190000000          1.0000000
