23
S   5   1.00
  66920.681015               0.76369340941D-05
  10906.625000               0.51569193963D-04
   2635.4146996              0.24501879969D-03
    713.90510061             0.87722413549D-03
    140.01389967             0.41756172123D-02
S   1   1.00
     38.100154093            1.0000000
S   1   1.00
     27.016551206            1.0000000
S   1   1.00
     12.532871591            1.0000000
S   1   1.00
      3.1667949543           1.0000000
S   1   1.00
      1.6477546014           1.0000000
S   1   1.00
      0.61574974082          1.0000000
S   1   1.00
      0.27750298062          1.0000000
S   1   1.00
      0.52191416356D-01      1.0000000
S   1   1.00
      0.21039699571D-01      1.0000000
P   3   1.00
      6.4259834173          -0.10833966987
      4.0716446267          -0.24027339995
      1.8766169292          -0.19717944014
P   5   1.00
    335.08596105            -0.39683096018D-03
    109.62390003            -0.88479720880D-03
     22.097167348           -0.70603385120D-01
     13.617749969            0.24747714998
      2.8337933994          -0.25776134002
P   1   1.00
      0.87659348545          1.0000000
P   1   1.00
      0.43730332094          1.0000000
P   1   1.00
      0.18792836188          1.0000000
P   1   1.00
      0.35682474433D-01      1.0000000
D   6   1.00
    354.29145885             0.19295285509D-03
    107.35616142             0.98261801470D-03
     36.668977420            0.78354085504D-02
     14.289045043           -0.46781473828D-01
      7.3106669747           0.20224393005
      3.3824841621           0.43552238001
D   1   1.00
      1.4547830236           1.0000000
D   1   1.00
      0.44101265474          1.0000000
D   1   1.00
      0.12674153308          1.0000000
F   5   1.00
     80.308931263            0.51084883571D-02
     29.466393817            0.40588973634D-01
     14.273415822            0.87182341259D-01
      6.9386163869           0.20857918012
      2.9117157313           0.33235294992
F   1   1.00
      1.1227836429           1.0000000
F   1   1.00
      0.38494384331          1.0000000
G   1   1.00
      0.40950000000          1.0000000
