12
S   2   1.00
     14.781862000           -1.1395193885
     12.324075000            1.9371421121
S   1   1.00
      5.5098597284           1.0000000
S   1   1.00
      0.98874104687          1.0000000
S   1   1.00
      0.42833312030          1.0000000
S   1   1.00
      0.12296804533          1.0000000
S   1   1.00
      0.43949851581D-01      1.0000000
P   4   1.00
      7.4040050000           0.54510937865
      6.3502060000          -0.76096056536
      1.3311713455           0.53252276765
      0.62659600547          0.51483045040
P   1   1.00
      0.25922718696          1.0000000
P   1   1.00
      0.0483000              1.0000000
D   4   1.00
      4.0616274916          -0.76667295205D-01
      1.8487943286           0.18067495215
      0.78702048429          0.45160766937
      0.32069843172          0.43261236265745D+00
D   1   1.00
      0.11892742980          1.0000000
F   1   1.00
      0.4898900              1.0000000
