11
S   3   1.00
      7.9177440000           0.14014042010165e+01
      6.8412070000          -0.17975072656312e+01
      2.9598400000          -0.16225754496571
S   1   1.00
      1.3166643441            .87495110714057
S   1   1.00
      0.56907152172          1.0000000
S   1   1.00
      0.10059695193          1.0000000
S   1   1.00
      0.37071460798e-01      1.0000000
P   4   1.00
      4.1360790000          -0.55183328017626
      2.9462810000           0.61370533515352
      1.0792431924           0.64005434538256
      0.46611217769          0.25958050755066
P   1   1.00
      0.17453169991          1.0000000
P   1   1.00
      0.0410000              1.0000000
D   4   1.00
      6.8847131641          -0.15962387984517e-01
      2.3837304391           0.23047555828858
      1.0184384022           0.44075804027937
      0.39957494644          0.39567661995894
D   1   1.00
      0.13951120264          1.0000000
F   1   1.00
      1.0949900              1.0000000
