16
S   5   1.00
   5187.7442468              0.16097034848D-03
    768.14491207             0.10508214789D-02
    159.35182065             0.27375438093D-02
     21.863432724           -0.55045904905
     18.388689978            0.78321373922
S   2   1.00
     24.816226448           -0.82636797204D-01
      7.2923301677           1.0926256000
S   1   1.00
      2.0850437166           1.0000000
S   1   1.00
      1.0915245945           1.0000000
S   1   1.00
      0.34915708428          1.0000000
S   1   1.00
      0.13648422952          1.0000000
P   3   1.00
    194.68918723             0.26265814046D-03
     11.210013525            0.19952302621
      7.5298316489          -0.45994479561
P   4   1.00
      9.0845000304          -0.23093917426
      6.2631489717           0.39747614192
      2.2545193734           0.83026693838
      1.1180666918           0.51467013112
P   1   1.00
      0.47444492594          1.0000000
P   1   1.00
      0.20172354616          1.0000000
P   1   1.00
      0.79503144392D-01      1.0000000
D   6   1.00
     75.302723665            0.73590238429D-03
     17.965913830            0.89490827389D-02
      7.3741298033          -0.76641663693D-01
      3.2296258578           0.22975404602
      1.7937840508           0.43991495311
      0.94633319732          0.35259395198
D   1   1.00
      0.46860482223          1.0000000
D   1   1.00
      0.20000000000          1.0000000
F   1   1.00
      2.1000000              1.0000000
F   1   1.00
      0.4180600              1.0000000
