11
S   3   1.00
      7.9365700000          -1.1772083350
      5.9842450000           1.6197059592
      4.8822200000           0.51065807556
S   1   1.00
      1.1031002163           1.0000000
S   1   1.00
      0.49818875261          1.0000000
S   1   1.00
      0.10678711393          1.0000000
S   1   1.00
      0.39191775872D-01      1.0000000
P   4   1.00
      3.7546090000          -0.70777873563
      2.9165710000           0.74954391484
      1.0322209568           0.64660609645
      0.45249553774          0.27029086816
P   1   1.00
      0.16987042198          1.0000000
P   1   1.00
      0.43000000000D-01      1.0000000
D   4   1.00
      5.7341846619          -0.35266111560D-01
      2.2483686294           0.21802502222
      0.98376978359          0.44709565013
      0.40379445583          0.40371732508
D   1   1.00
      0.14978618173          1.0000000
F   1   1.00
      0.9431400              1.0000000
