8
S   5   1.00
   9184.9303010             -0.22294387756e-02
   1381.5105503             -0.16683029937e-01
    313.87147580            -0.75262436116e-01
     88.053870623           -0.19376827038
     27.039914905           -0.17718020803
S   3   1.00
     45.648731303           -0.10736062573
      4.9664522326           0.65066293018
      2.0116242047           0.59712155354
S   1   1.00
      0.35661077013          1.0000000
S   1   1.00
      0.13507221477          1.0000000
P   5   1.00
    261.98233439            -0.92729929822e-02
     61.306894736           -0.66547669241e-01
     19.103729887           -0.24828595903
      6.6567720378          -0.48703847402
      2.3959635161          -0.39337850312
P   1   1.00
      0.61776161679          1.0000000
P   1   1.00
      0.16993376871          1.0000000
D   1   1.00
      0.5500000              1.0000000
