10
S   2   1.00
     10.584496987           -0.14845336778D-01
      1.4680242769           0.35289492025
S   6   1.00
    372.76139166             0.15878057239D-02
     22.689478596           -0.15027605583
     18.391547037            0.35915813039
      7.6406271414          -0.74805091065
      1.9052000235           0.92017581656
      0.93007107773          0.46754079597
S   1   1.00
      0.21621190032          1.0000000
S   1   1.00
      0.83546307041D-01      1.0000000
P   1   1.00
      2.6190751238           1.0000000
P   4   1.00
     15.926550950            0.13206950012
     10.052739237           -0.41511149340
      1.2682183726           0.74197972626
      0.57196620929          0.15580772750
P   1   1.00
      0.25183282652          1.0000000
P   1   1.00
      0.83389127684D-01      1.0000000
D   5   1.00
     45.485063360            0.32556415807D-02
     18.504059617           -0.54952972010D-02
      3.9156032308           0.27988806353
      1.7142196009           0.51273377761
      0.69675478242          0.33288802736
D   1   1.00
      0.23060000000          1.0000000
