11
S   6   1.00
  38956.0818040              0.39293205858e-02
   5849.5733637              0.30093221229e-01
   1330.8813154              0.14890370950
    375.55534165             0.51464282906
    121.87261370             1.0337708070
     41.760243729            0.77436851627
S   3   1.00
     81.060633953           -0.28318552316
      9.2059823972           1.6770806984
      3.7063215732           1.2594733678
S   3   1.00
      5.9888909988          -0.77821367493e-02
      0.97363432378          0.25499692745e-01
      0.42041019223          0.16191560820e-01
S   1   1.00
      0.59440551913e-01      1.0000000
S   1   1.00
      0.22897806303e-01      1.0000000
P   5   1.00
    466.31481262             0.19984300385e-01
    109.51217097             0.14561043072
     34.375921827            0.54687466223
     12.142096955            1.0479006012
      4.4336767669           0.68894890327
P   3   1.00
      2.0971291866           0.75619214724
      0.80977606956          1.3178212235
      0.30834046588          0.54312268173
P   1   1.00
      0.0897480              1.0000000
D   4   1.00
     19.240334928            0.27039082144e-01
      5.1178995899           0.13803684743
      1.6554278827           0.34869086403
      0.54016355610          0.48594185717
D   1   1.00
      0.16211214518           .34374449689
F   1   1.00
      0.3450000              1.0000000
