8
S   5   1.00
   6903.7118686              0.13373962995D-02
   1038.4346419              0.99966546241D-02
    235.87581480             0.44910165101D-01
     66.069385169            0.11463638540
     20.247945761            0.10280063858
S   3   1.00
     34.353481730            0.70837285010D-01
      3.6370788192          -0.43028836252
      1.4002048599          -0.41382774969
S   1   1.00
      0.20484414805          1.0000000
S   1   1.00
      0.77994095468D-01      1.0000000
P   5   1.00
    179.83907373             0.61916656462D-02
     41.907258846            0.43399431982D-01
     12.955294367            0.15632019351
      4.4383267393           0.29419996982
      1.5462247904           0.23536823814
P   1   1.00
      0.35607612302          1.0000000
P   1   1.00
      0.10008513762          1.0000000
D   1   1.00
      0.3500000              1.0000000
