23
S   5   1.00
  70078.183999               0.97230218786e-04
  10598.384001               0.73039917963e-03
   2413.8659813              0.35241969483e-02
    677.74958354             0.10873685440e-01
    208.50729961             0.17823373512e-01
S   1   1.00
     39.361834556            1.0000000
S   1   1.00
     28.000117581            1.0000000
S   1   1.00
     14.359901230            1.0000000
S   1   1.00
      3.6115081437           1.0000000
S   1   1.00
      1.8452436656           1.0000000
S   1   1.00
      0.68755398748          1.0000000
S   1   1.00
      0.30004687876          1.0000000
S   1   1.00
      0.53898522745e-01      1.0000000
S   1   1.00
      0.22400000442e-01      1.0000000
P   3   1.00
      7.1969927288          -0.10977635008
      4.3944609073          -0.24311410007
      1.8261131160          -0.18652601986
P   5   1.00
    365.65286301            -0.12196898550e-02
    105.29773949            -0.35909003380e-02
     24.339551161           -0.75731143696e-01
     15.293513699            0.24472636999
      3.2101959346          -0.25984893011
P   1   1.00
      0.84185848861          1.0000000
P   1   1.00
      0.32255448005          1.0000000
P   1   1.00
      0.87960642073e-01      1.0000000
P   1   1.00
      0.27281849214e-01      1.0000000
D   6   1.00
    388.42259953             0.43263033556e-03
    117.35866087             0.34657844457e-02
     41.345650947            0.16632857824e-01
     20.624528720            0.59004198371e-02
      7.3511283570           0.26020419031
      3.8170409168           0.43198572998
D   1   1.00
      1.8416227437           1.0000000
D   1   1.00
      0.78138452236          1.0000000
D   1   1.00
      0.15236207050          1.0000000
F   5   1.00
     74.435310286            0.10265396687e-01
     29.270586194            0.58266710950e-01
     14.541852327            0.11504953053
      7.1263134832           0.24161326015
      3.0279046743           0.34535019981
F   1   1.00
      1.1641116609           1.0000000
F   1   1.00
      0.38851335321          1.0000000
G   1   1.00
      0.46380000000          1.0000000
