10
S   2   1.00
     10.341549887           -0.90331119154e-02
      1.3672524155           0.22980877714
S   6   1.00
    375.95156177             0.15224884228e-02
     23.661818008           -0.16776065030
     19.946281315            0.33989090393
      6.8240270454          -0.84441791529
      1.8771488722           0.92646952846
      0.82033199226          0.53091094490
S   1   1.00
      0.18314843823          1.0000000
S   1   1.00
      0.69547226146e-01      1.0000000
P   1   1.00
      2.5084050284           1.0000000
P   4   1.00
     21.293597748            0.37103218279e-01
      8.8171842499          -0.32351709661
      1.2347028371           0.83846760898
      0.57869142617          0.23294977050
P   1   1.00
      0.21298577719          1.0000000
P   1   1.00
      0.67364584657e-01      1.0000000
D   5   1.00
     39.693023177            0.39185734275e-02
     20.852179275           -0.68210073667e-02
      3.6907832774           0.27938420495
      1.5849404530           0.52607409874
      0.62772693365          0.36149465348
D   1   1.00
      0.20500000000          1.0000000
