9
S   3   1.00
      5.9276428767           0.19698765364
      3.0691274814          -0.64852205985
      0.70675488028          0.62064729022
S   1   1.00
      0.33824024280          1.0000000
S   1   1.00
      0.61768869200e-01      1.0000000
S   1   1.00
      0.25767593093e-01      1.0000000
P   4   1.00
      2.4324720000          -0.37145059848
      1.6642340000           0.37856824234
      0.59455471858          0.59874487803
      0.26152621998          0.35314019512
P   1   1.00
      0.10258814042          1.0000000
P   1   1.00
      0.33223404030e-01      1.0000000
D   4   1.00
      3.6180810000          -0.75010000000e-02
      0.99665600000          0.10809800000
      0.39073500000          0.27854000000
      0.12277000000          0.47731800000
D   1   1.00
      0.36655000000e-01       .44818300000
