23
S   5   1.00
  72673.311488               0.14568217710D-03
  10989.650477               0.11000820502D-02
   2521.0983866              0.50318124577D-02
    728.09478097             0.14804769621D-01
    226.99792207             0.22006765193D-01
S   1   1.00
     45.989671787            1.0000000
S   1   1.00
     30.473312203            1.0000000
S   1   1.00
     15.779661091            1.0000000
S   1   1.00
      4.0279316031           1.0000000
S   1   1.00
      2.0672798743           1.0000000
S   1   1.00
      0.74668603706          1.0000000
S   1   1.00
      0.32664475911          1.0000000
S   1   1.00
      0.56909503951D-01      1.0000000
S   1   1.00
      0.23027800906D-01      1.0000000
P   3   1.00
      8.9783667840          -0.11200751000
      5.0058387883          -0.24216563999
      2.0767556864          -0.18561540979
P   5   1.00
    357.14642927            -0.30681911840D-02
     94.399796698           -0.93026341423D-02
     26.370815933           -0.75877274532D-01
     16.578452270            0.24450742997
      3.7299580637          -0.26425700009
P   1   1.00
      1.0220961420           1.0000000
P   1   1.00
      0.38451203840          1.0000000
P   1   1.00
      0.93403626126D-01      1.0000000
P   1   1.00
      0.29116323886D-01      1.0000000
D   6   1.00
    410.38724477             0.76762885507D-03
    124.50624931             0.66619108693D-02
     46.060723795            0.27967960903D-01
     19.254887385            0.50348234108D-01
      7.7611676900           0.30159477014
      3.8319967727           0.44821338012
D   1   1.00
      1.7333839594           1.0000000
D   1   1.00
      0.55146364930          1.0000000
D   1   1.00
      0.15354959261          1.0000000
F   5   1.00
     89.372383646            0.10547996985D-01
     34.757223207            0.65920614107D-01
     16.680730120            0.14943112296
      7.8085811596           0.28130484996
      3.3636964760           0.35013101004
F   1   1.00
      1.3483161215           1.0000000
F   1   1.00
      0.47311576499          1.0000000
G   1   1.00
      0.47760000000          1.0000000
