11
S   6   1.00
  42961.5121850              0.39127635355e-02
   6450.9759169              0.29969820489e-01
   1467.7210915              0.14836352707
    414.20997355             0.51347285324
    134.48715840             1.0335365483
     46.122209796            0.77854233930
S   3   1.00
     89.447762543           -0.28385401259
     10.223346060            1.6772785333
      4.1353774271           1.2411928456
S   3   1.00
      6.7896181452          -0.78399994518e-02
      1.1106730691           0.25495493019e-01
      0.47565975578          0.16061172892e-01
S   1   1.00
      0.65986956934e-01      1.0000000
S   1   1.00
      0.25210342250e-01      1.0000000
P   5   1.00
    522.03684782             0.19754179642e-01
    122.68649489             0.14460677619
     38.572903611            0.54669004165
     13.672169319            1.0531647540
      5.0118529359           0.69111213363
P   3   1.00
      2.4131928282           0.75803437136
      0.93252270050          1.3036241399
      0.35429058390          0.53638653300
P   1   1.00
      0.1015610              1.0000000
D   4   1.00
     23.465125957            0.26536380115e-01
      6.3332593832           0.13796453963
      2.0766489946           0.35312644228
      0.69027361954          0.48647124166
D   1   1.00
      0.21088738554           .33026314258
F   1   1.00
      0.5620000              1.0000000
