11
S   6   1.00
  47160.3760600              0.14498688908e-02
   7081.4110871              0.11106435251e-01
   1611.1621223              0.55005423585e-01
    454.72940551             0.19060252591
    147.71321208             0.38435022957
     50.699538950            0.29095546792
S   3   1.00
     98.262492669           -0.10942337856
     11.294293099            0.64539490399
      4.5853360105           0.47117880777
S   3   1.00
      7.6359689588          -0.22454949054
      1.2539836689           0.72594852764
      0.53271935387          0.45560582748
S   1   1.00
      0.72246239566e-01      1.0000000
S   1   1.00
      0.27358087448e-01      1.0000000
P   5   1.00
    580.55044988             0.97315110917e-02
    136.52341127             0.71531241137e-01
     42.983958820            0.27197688414
     15.282798763            0.52618988893
      5.6202495154           0.34452533498
P   3   1.00
      2.7485386415           0.34040396496
      1.0618550073           0.57983996120
      0.40235518645          0.23911643083
P   1   1.00
      0.1112480              1.0000000
D   4   1.00
     27.358434017            0.26641927050e-01
      7.4540604253           0.13995311726
      2.4633917847           0.35751066639
      0.82480925277          0.48488354148
D   1   1.00
      0.25257904742           .32332844995
F   1   1.00
      0.8310000              1.0000000
