12
S   2   1.00
     15.000000000           -0.53315505392
     12.000000000            1.0014141748
S   1   1.00
      5.2610967725           1.0000000
S   1   1.00
      0.92785370307          1.0000000
S   1   1.00
      0.40334458241          1.0000000
S   1   1.00
      0.11585976646          1.0000000
S   1   1.00
      0.41800474073D-01      1.0000000
P   4   1.00
      7.2496570000           0.45857265530
      6.0848760000          -0.66720686321
      1.2523777812           0.52090351989
      0.58569208922          0.51885687511
P   1   1.00
      0.24106964301          1.0000000
P   1   1.00
      0.0403000              1.0000000
D   4   1.00
      4.0131231332          -0.63416491808D-01
      1.6237452450           0.18452733732
      0.69187452392          0.44121676843
      0.27865835325          0.43158409241461D+00
D   1   1.00
      0.10225296446          1.0000000
F   1   1.00
      0.4319900              1.0000000
