16
S   5   1.00
   6420.2481656              0.25092173886e-03
    983.54530664             0.16251948178e-02
    219.43881364             0.46037106451e-02
     23.012587807           -0.14698707182
     18.048324490            0.57524870348
S   2   1.00
     11.752550163            0.66038420156
      6.2390917199           0.38470524721
S   1   1.00
      2.6257211320           1.0000000
S   1   1.00
      1.2905042943           1.0000000
S   1   1.00
      0.36204185060          1.0000000
S   1   1.00
      0.14069888091          1.0000000
P   3   1.00
    193.81432545             0.95394802497e-03
     21.725228086            0.57393353332e-01
      9.8891605641          -0.27974266640
P   4   1.00
     13.960683826           -0.50950157807e-01
      4.0928947097           0.36669211800
      2.2546815460           0.72619456861
      1.1546596184           0.35555871740
P   1   1.00
      0.52321923128          1.0000000
P   1   1.00
      0.21945569800          1.0000000
P   1   1.00
      0.86158996836e-01      1.0000000
D   6   1.00
    135.60300038             0.81873543290e-03
     38.727062692            0.60897654151e-02
     15.377328089           -0.92782985596e-02
      5.2602537686           0.22890785589
      2.6590627424           0.44434407051
      1.2938205124           0.36029482992
D   1   1.00
      0.58050830139          1.0000000
D   1   1.00
      0.18000000000          1.0000000
F   1   1.00
      2.5000000              1.0000000
F   1   1.00
      0.49652793             1.0000000
