24
S   5   1.00
  91989.726027               0.52187005546D-04
  13799.296585               0.36758170034D-03
   3096.0050039              0.18368404898D-02
    869.11012492             0.50840290105D-02
    250.89341319             0.88606065090D-02
S   1   1.00
     58.413769586            1.0000000
S   1   1.00
     41.782846557            1.0000000
S   1   1.00
     20.259771605            1.0000000
S   1   1.00
      4.9937685493           1.0000000
S   1   1.00
      2.4825729800           1.0000000
S   1   1.00
      0.91759459846          1.0000000
S   1   1.00
      0.38551515024          1.0000000
S   1   1.00
      0.61370083338D-01      1.0000000
S   1   1.00
      0.24997099686D-01      1.0000000
P   3   1.00
      8.3561524307          -0.17001415508
      7.2255442217          -0.20297754820
      1.9208084525          -0.19289041127
P   5   1.00
    416.86700956            -0.16268481342D-01
     96.481417683           -0.58162218014D-01
     40.013959677           -0.42501610663D-01
     15.610360735            0.23912170549
      6.0887652359          -0.30582286695
P   1   1.00
      3.7770764517           1.0000000
P   1   1.00
      1.0545931624           1.0000000
P   1   1.00
      0.37562761990          1.0000000
P   1   1.00
      0.79149270799D-01      1.0000000
P   1   1.00
      0.25355670803D-01      1.0000000
D   6   1.00
    388.96482736             0.25515071675D-02
    137.49130274             0.14528609874D-01
     55.792345891            0.60991557322D-01
     22.571827044            0.14412482464
      9.0035643474           0.28721178661
      4.2976890355           0.44545416256
D   1   1.00
      1.8355580546           1.0000000
D   1   1.00
      0.51822929528          1.0000000
D   1   1.00
      0.15172122662          1.0000000
F   5   1.00
    106.01035185             0.99659427222D-02
     39.247515245            0.73022899562D-01
     17.204384375            0.19721745080
      7.3139367742           0.30638718734
      2.9896508329           0.30385067097
F   1   1.00
      1.1471116131           1.0000000
F   1   1.00
      0.38042267771          1.0000000
G   1   1.00
      0.51330000000          1.0000000
