11
S   6   1.00
  82000.7116290              0.14210764000D-02
  12312.4717770              0.10891499487D-01
   2801.3944193              0.54057188059D-01
    790.99424302             0.18847463904
    257.56551079             0.38346549346
     88.814933400            0.29723794197
S   3   1.00
    171.86353716            -0.11051849523
     20.302534785            0.64607716984
      8.3464123068           0.44220117322
S   3   1.00
     14.847536940           -0.22705309278
      2.4495029507           0.72433217935
      0.99845821824          0.44836495592
S   1   1.00
      0.11891307937          1.0000000
S   1   1.00
      0.42297428760D-01      1.0000000
P   5   1.00
   1071.5185372              0.92767797235D-02
    252.69712152             0.69541149434D-01
     80.100829126            0.27156772564
     28.903393172            0.53401355573
     10.768899879            0.34501323446
P   3   1.00
      5.6446212530           0.34129600164
      2.1678291347           0.56390521973
      0.80540898341          0.23676109735
P   1   1.00
      0.1624550              1.0000000
D   4   1.00
     56.088939191            0.29588869140D-01
     15.751908917            0.158725714045
      5.3115812367           0.379762291591
      1.7737904917           0.468989591719
D   1   1.00
      0.51975583665           .309071490776
F   1   1.00
      2.6140000              1.0000000
