7
S   3   1.00
      0.4744521634e+04       0.1543289673e+00
      0.8642205383e+03       0.5353281423e+00
      0.2338918045e+03       0.4446345422e+00
SP   3   1.00
      0.4149652069e+03      -0.9996722919e-01       0.1559162750e+00
      0.9642898995e+02       0.3995128261e+00       0.6076837186e+00
      0.3136170035e+02       0.7001154689e+00       0.3919573931e+00
SP   3   1.00
      0.4941048605e+02      -0.2277635023e+00       0.4951511155e-02
      0.1507177314e+02       0.2175436044e+00       0.5777664691e+00
      0.5815158634e+01       0.9166769611e+00       0.4846460366e+00
SP   3   1.00
      0.5290230450e+01      -0.3306100626e+00      -0.1283927634e+00
      0.2059988316e+01       0.5761095338e-01       0.5852047641e+00
      0.9068119281e+00       0.1115578745e+01       0.5439442040e+00
SP   3   1.00
      0.4370804803e+00      -0.3842642608e+00      -0.3481691526e+00
      0.2353408164e+00      -0.1972567438e+00       0.6290323690e+00
      0.1039541771e+00       0.1375495512e+01       0.6662832743e+00
D   3   1.00
      0.4941048605e+02       0.2197679508e+00
      0.1507177314e+02       0.6555473627e+00
      0.5815158634e+01       0.2865732590e+00
D   3   1.00
      0.3283395668e+01       0.1250662138e+00
      0.1278537254e+01       0.6686785577e+00
      0.5628152469e+00       0.3052468245e+00
