5
S   3   1.00
      0.2629997471e+04       0.1543289673e+00
      0.4790573224e+03       0.5353281423e+00
      0.1296516070e+03       0.4446345422e+00
SP   3   1.00
      0.2198350255e+03      -0.9996722919e-01       0.1559162750e+00
      0.5108493222e+02       0.3995128261e+00       0.6076837186e+00
      0.1661440546e+02       0.7001154689e+00       0.3919573931e+00
SP   3   1.00
      0.1950173109e+02      -0.2277635023e+00       0.4951511155e-02
      0.5948649577e+01       0.2175436044e+00       0.5777664691e+00
      0.2295173940e+01       0.9166769611e+00       0.4846460366e+00
SP   3   1.00
      0.1396037488e+01      -0.3088441214e+00      -0.1215468600e+00
      0.5152256318e+00       0.1960641165e-01       0.5715227604e+00
      0.2275290713e+00       0.1131034442e+01       0.5498949471e+00
D   3   1.00
      0.1950173109e+02       0.2197679508e+00
      0.5948649577e+01       0.6555473627e+00
      0.2295173940e+01       0.2865732590e+00
