4
S   3   1.00
      0.8540324951e+03       0.1543289673e+00
      0.1555630851e+03       0.5353281423e+00
      0.4210144179e+02       0.4446345422e+00
SP   3   1.00
      0.5956029944e+02      -0.9996722919e-01       0.1559162750e+00
      0.1384053270e+02       0.3995128261e+00       0.6076837186e+00
      0.4501370797e+01       0.7001154689e+00       0.3919573931e+00
SP   3   1.00
      0.4374706256e+01      -0.2196203690e+00       0.1058760429e-01
      0.1220531941e+01       0.2255954336e+00       0.5951670053e+00
      0.4777079296e+00       0.9003984260e+00       0.4620010120e+00
SP   3   1.00
      0.4558489757e+00      -0.3088441214e+00      -0.1215468600e+00
      0.1682369410e+00       0.1960641165e-01       0.5715227604e+00
      0.7429520696e-01       0.1131034442e+01       0.5498949471e+00
