7
S   3   1.00
      0.4950261905e+04       0.1543289673e+00
      0.9016963856e+03       0.5353281423e+00
      0.2440342313e+03       0.4446345422e+00
SP   3   1.00
      0.4334469385e+03      -0.9996722919e-01       0.1559162750e+00
      0.1007237469e+03       0.3995128261e+00       0.6076837186e+00
      0.3275848861e+02       0.7001154689e+00       0.3919573931e+00
SP   3   1.00
      0.5259279235e+02      -0.2277635023e+00       0.4951511155e-02
      0.1604247800e+02       0.2175436044e+00       0.5777664691e+00
      0.6189686744e+01       0.9166769611e+00       0.4846460366e+00
SP   3   1.00
      0.5674851796e+01      -0.3306100626e+00      -0.1283927634e+00
      0.2209757875e+01       0.5761095338e-01       0.5852047641e+00
      0.9727408566e+00       0.1115578745e+01       0.5439442040e+00
SP   3   1.00
      0.5949150981e+00      -0.3842642608e+00      -0.3481691526e+00
      0.3203250000e+00      -0.1972567438e+00       0.6290323690e+00
      0.1414931855e+00       0.1375495512e+01       0.6662832743e+00
D   3   1.00
      0.5259279235e+02       0.2197679508e+00
      0.1604247800e+02       0.6555473627e+00
      0.6189686744e+01       0.2865732590e+00
D   3   1.00
      0.3642963976e+01       0.1250662138e+00
      0.1418551290e+01       0.6686785577e+00
      0.6244497700e+00       0.3052468245e+00
