5
S   3   1.00
      0.1560834670e+04       0.1543289673e+00
      0.2843079835e+03       0.5353281423e+00
      0.7694483567e+02       0.4446345422e+00
SP   3   1.00
      0.1222751047e+03      -0.9996722919e-01       0.1559162750e+00
      0.2841410473e+02       0.3995128261e+00       0.6076837186e+00
      0.9241148731e+01       0.7001154689e+00       0.3919573931e+00
SP   3   1.00
      0.9439314590e+01      -0.2277635023e+00       0.4951511155e-02
      0.2879291816e+01       0.2175436044e+00       0.5777664691e+00
      0.1110920295e+01       0.9166769611e+00       0.4846460366e+00
SP   3   1.00
      0.5921156814e+00      -0.3088441214e+00      -0.1215468600e+00
      0.2185279254e+00       0.1960641165e-01       0.5715227604e+00
      0.9650423590e-01       0.1131034442e+01       0.5498949471e+00
D   3   1.00
      0.7664527389e+01       0.2197679508e+00
      0.2337925151e+01       0.6555473627e+00
      0.9020442052e+00       0.2865732590e+00
