5
S   3   1.00
      0.1447400411e+04       0.1543289673e+00
      0.2636457916e+03       0.5353281423e+00
      0.7135284019e+02       0.4446345422e+00
SP   3   1.00
      0.1119194891e+03      -0.9996722919e-01       0.1559162750e+00
      0.2600768236e+02       0.3995128261e+00       0.6076837186e+00
      0.8458505490e+01       0.7001154689e+00       0.3919573931e+00
SP   3   1.00
      0.8548569754e+01      -0.2277635023e+00       0.4951511155e-02
      0.2607586250e+01       0.2175436044e+00       0.5777664691e+00
      0.1006087840e+01       0.9166769611e+00       0.4846460366e+00
SP   3   1.00
      0.5921156814e+00      -0.3088441214e+00      -0.1215468600e+00
      0.2185279254e+00       0.1960641165e-01       0.5715227604e+00
      0.9650423590e-01       0.1131034442e+01       0.5498949471e+00
D   3   1.00
      0.6411803475e+01       0.2197679508e+00
      0.1955804428e+01       0.6555473627e+00
      0.7546101508e+00       0.2865732590e+00
