7
S   3   1.00
      0.6035183623e+04       0.1543289673e+00
      0.1099316231e+04       0.5353281423e+00
      0.2975178737e+03       0.4446345422e+00
SP   3   1.00
      0.5337366418e+03      -0.9996722919e-01       0.1559162750e+00
      0.1240289171e+03       0.3995128261e+00       0.6076837186e+00
      0.4033805328e+02       0.7001154689e+00       0.3919573931e+00
SP   3   1.00
      0.6954270545e+02      -0.2277635023e+00       0.4951511155e-02
      0.2121274175e+02       0.2175436044e+00       0.5777664691e+00
      0.8184535234e+01       0.9166769611e+00       0.4846460366e+00
SP   3   1.00
      0.7295991196e+01      -0.3306100626e+00      -0.1283927634e+00
      0.2841021154e+01       0.5761095338e-01       0.5852047641e+00
      0.1250624506e+01       0.1115578745e+01       0.5439442040e+00
SP   3   1.00
      0.7900364582e+00      -0.3842642608e+00      -0.3481691526e+00
      0.4253857892e+00      -0.1972567438e+00       0.6290323690e+00
      0.1879003836e+00       0.1375495512e+01       0.6662832743e+00
D   3   1.00
      0.6954270545e+02       0.2197679508e+00
      0.2121274175e+02       0.6555473627e+00
      0.8184535234e+01       0.2865732590e+00
D   3   1.00
      0.7295991196e+01       0.1250662138e+00
      0.2841021154e+01       0.6686785577e+00
      0.1250624506e+01       0.3052468245e+00
