7
S   3   1.00
      0.5158224714e+04       0.1543289673e+00
      0.9395770707e+03       0.5353281423e+00
      0.2542862231e+03       0.4446345422e+00
SP   3   1.00
      0.4523313223e+03      -0.9996722919e-01       0.1559162750e+00
      0.1051120716e+03       0.3995128261e+00       0.6076837186e+00
      0.3418570799e+02       0.7001154689e+00       0.3919573931e+00
SP   3   1.00
      0.5597539769e+02      -0.2277635023e+00       0.4951511155e-02
      0.1707428044e+02       0.2175436044e+00       0.5777664691e+00
      0.6587788204e+01       0.9166769611e+00       0.4846460366e+00
SP   3   1.00
      0.5048549180e+01      -0.3306100626e+00      -0.1283927634e+00
      0.1965878882e+01       0.5761095338e-01       0.5852047641e+00
      0.8653847237e+00       0.1115578745e+01       0.5439442040e+00
SP   3   1.00
      0.5669230612e+00      -0.3842642608e+00      -0.3481691526e+00
      0.3052530187e+00      -0.1972567438e+00       0.6290323690e+00
      0.1348356264e+00       0.1375495512e+01       0.6662832743e+00
D   3   1.00
      0.5597539769e+02       0.2197679508e+00
      0.1707428044e+02       0.6555473627e+00
      0.6587788204e+01       0.2865732590e+00
D   3   1.00
      0.5048549180e+01       0.1250662138e+00
      0.1965878882e+01       0.6686785577e+00
      0.8653847237e+00       0.3052468245e+00
