4
S   3   1.00
      0.7715103681e+03       0.1543289673e+00
      0.1405315766e+03       0.5353281423e+00
      0.3803332899e+02       0.4446345422e+00
SP   3   1.00
      0.5240203979e+02      -0.9996722919e-01       0.1559162750e+00
      0.1217710710e+02       0.3995128261e+00       0.6076837186e+00
      0.3960373165e+01       0.7001154689e+00       0.3919573931e+00
SP   3   1.00
      0.3651583985e+01      -0.2196203690e+00       0.1058760429e-01
      0.1018782663e+01       0.2255954336e+00       0.5951670053e+00
      0.3987446295e+00       0.9003984260e+00       0.4620010120e+00
SP   3   1.00
      0.5039822505e+00      -0.3088441214e+00      -0.1215468600e+00
      0.1860011465e+00       0.1960641165e-01       0.5715227604e+00
      0.8214006743e-01       0.1131034442e+01       0.5498949471e+00
