3
S   3   1.00
      0.2992374137e+03       0.1543289673e+00
      0.5450646845e+02       0.5353281423e+00
      0.1475157752e+02       0.4446345422e+00
SP   3   1.00
      0.1512182352e+02      -0.9996722919e-01       0.1559162750e+00
      0.3513986579e+01       0.3995128261e+00       0.6076837186e+00
      0.1142857498e+01       0.7001154689e+00       0.3919573931e+00
SP   3   1.00
      0.1395448293e+01      -0.2196203690e+00       0.1058760429e-01
      0.3893265318e+00       0.2255954336e+00       0.5951670053e+00
      0.1523797659e+00       0.9003984260e+00       0.4620010120e+00
