7
S   3   1.00
      0.3788666115e+04       0.1543289673e+00
      0.6901102623e+03       0.5353281423e+00
      0.1867707691e+03       0.4446345422e+00
SP   3   1.00
      0.3264309567e+03      -0.9996722919e-01       0.1559162750e+00
      0.7585553420e+02       0.3995128261e+00       0.6076837186e+00
      0.2467057401e+02       0.7001154689e+00       0.3919573931e+00
SP   3   1.00
      0.3546948129e+02      -0.2277635023e+00       0.4951511155e-02
      0.1081932234e+02       0.2175436044e+00       0.5777664691e+00
      0.4174430912e+01       0.9166769611e+00       0.4846460366e+00
SP   3   1.00
      0.3496895188e+01      -0.3306100626e+00      -0.1283927634e+00
      0.1361672861e+01       0.5761095338e-01       0.5852047641e+00
      0.5994117456e+00       0.1115578745e+01       0.5439442040e+00
SP   3   1.00
      0.5129625081e+00      -0.3842642608e+00      -0.3481691526e+00
      0.2761985970e+00      -0.1972567438e+00       0.6290323690e+00
      0.1220017773e+00       0.1375495512e+01       0.6662832743e+00
D   3   1.00
      0.3546948129e+02       0.2197679508e+00
      0.1081932234e+02       0.6555473627e+00
      0.4174430912e+01       0.2865732590e+00
D   3   1.00
      0.1702112315e+01       0.1250662138e+00
      0.6627937127e+00       0.6686785577e+00
      0.2917634240e+00       0.3052468245e+00
