7
S   3   1.00
      0.4545160269e+04       0.1543289673e+00
      0.8279066168e+03       0.5353281423e+00
      0.2240638402e+03       0.4446345422e+00
SP   3   1.00
      0.3964889433e+03      -0.9996722919e-01       0.1559162750e+00
      0.9213550365e+02       0.3995128261e+00       0.6076837186e+00
      0.2996532535e+02       0.7001154689e+00       0.3919573931e+00
SP   3   1.00
      0.4641945097e+02      -0.2277635023e+00       0.4951511155e-02
      0.1415941211e+02       0.2175436044e+00       0.5777664691e+00
      0.5463141383e+01       0.9166769611e+00       0.4846460366e+00
SP   3   1.00
      0.4919104589e+01      -0.3306100626e+00      -0.1283927634e+00
      0.1915473830e+01       0.5761095338e-01       0.5852047641e+00
      0.8431962954e+00       0.1115578745e+01       0.5439442040e+00
SP   3   1.00
      0.4370804803e+00      -0.3842642608e+00      -0.3481691526e+00
      0.2353408164e+00      -0.1972567438e+00       0.6290323690e+00
      0.1039541771e+00       0.1375495512e+01       0.6662832743e+00
D   3   1.00
      0.4641945097e+02       0.2197679508e+00
      0.1415941211e+02       0.6555473627e+00
      0.5463141383e+01       0.2865732590e+00
D   3   1.00
      0.3025977448e+01       0.1250662138e+00
      0.1178299934e+01       0.6686785577e+00
      0.5186905316e+00       0.3052468245e+00
