6
S   3   1.00
      0.2938601529e+04       0.1543289673e+00
      0.5352699368e+03       0.5353281423e+00
      0.1448649342e+03       0.4446345422e+00
SP   3   1.00
      0.2485070369e+03      -0.9996722919e-01       0.1559162750e+00
      0.5774769105e+02       0.3995128261e+00       0.6076837186e+00
      0.1878134142e+02       0.7001154689e+00       0.3919573931e+00
SP   3   1.00
      0.2350534097e+02      -0.2277635023e+00       0.4951511155e-02
      0.7169878201e+01       0.2175436044e+00       0.5777664691e+00
      0.2766361909e+01       0.9166769611e+00       0.4846460366e+00
SP   3   1.00
      0.2247796820e+01      -0.3088441214e+00      -0.1215468600e+00
      0.8295783935e+00       0.1960641165e-01       0.5715227604e+00
      0.3663505653e+00       0.1131034442e+01       0.5498949471e+00
SP   3   1.00
      0.4869939919e+00      -0.3842642608e+00      -0.3481691526e+00
      0.2622161565e+00      -0.1972567438e+00       0.6290323690e+00
      0.1158254875e+00       0.1375495512e+01       0.6662832743e+00
D   3   1.00
      0.2350534097e+02       0.2197679508e+00
      0.7169878201e+01       0.6555473627e+00
      0.2766361909e+01       0.2865732590e+00
