3
S   3   1.00
      0.5331257359e+03       0.1543289673e+00
      0.9710951830e+02       0.5353281423e+00
      0.2628162542e+02       0.4446345422e+00
SP   3   1.00
      0.3332975173e+02      -0.9996722919e-01       0.1559162750e+00
      0.7745117521e+01       0.3995128261e+00       0.6076837186e+00
      0.2518952599e+01       0.7001154689e+00       0.3919573931e+00
SP   3   1.00
      0.2029194274e+01      -0.2196203690e+00       0.1058760429e-01
      0.5661400518e+00       0.2255954336e+00       0.5951670053e+00
      0.2215833792e+00       0.9003984260e+00       0.4620010120e+00
