5
S   3   1.00
      0.9416624250e+03       0.1543289673e+00
      0.1715249862e+03       0.5353281423e+00
      0.4642135516e+02       0.4446345422e+00
SP   3   1.00
      0.6717668771e+02      -0.9996722919e-01       0.1559162750e+00
      0.1561041754e+02       0.3995128261e+00       0.6076837186e+00
      0.5076992278e+01       0.7001154689e+00       0.3919573931e+00
SP   3   1.00
      0.4698159231e+01      -0.2277635023e+00       0.4951511155e-02
      0.1433088313e+01       0.2175436044e+00       0.5777664691e+00
      0.5529300235e+00       0.9166769611e+00       0.4846460366e+00
SP   3   1.00
      0.6309328384e+00      -0.3088441214e+00      -0.1215468600e+00
      0.2328538976e+00       0.1960641165e-01       0.5715227604e+00
      0.1028307363e+00       0.1131034442e+01       0.5498949471e+00
D   3   1.00
      0.5517000679e+00       0.2197679508e+00
      0.1682861055e+00       0.6555473627e+00
      0.6493001120e-01       0.2865732590e+00
