5
S   3   1.00
      0.2480626814e+04       0.1543289673e+00
      0.4518492708e+03       0.5353281423e+00
      0.1222880464e+03       0.4446345422e+00
SP   3   1.00
      0.2061578780e+03      -0.9996722919e-01       0.1559162750e+00
      0.4790665727e+02       0.3995128261e+00       0.6076837186e+00
      0.1558073180e+02       0.7001154689e+00       0.3919573931e+00
SP   3   1.00
      0.1763999414e+02      -0.2277635023e+00       0.4951511155e-02
      0.5380760465e+01       0.2175436044e+00       0.5777664691e+00
      0.2076064666e+01       0.9166769611e+00       0.4846460366e+00
SP   3   1.00
      0.1214644297e+01      -0.3088441214e+00      -0.1215468600e+00
      0.4482801363e+00       0.1960641165e-01       0.5715227604e+00
      0.1979652346e+00       0.1131034442e+01       0.5498949471e+00
D   3   1.00
      0.1763999414e+02       0.2197679508e+00
      0.5380760465e+01       0.6555473627e+00
      0.2076064666e+01       0.2865732590e+00
