3
S   3   1.00
      0.4077975514e+03       0.1543289673e+00
      0.7428083305e+02       0.5353281423e+00
      0.2010329229e+02       0.4446345422e+00
SP   3   1.00
      0.2319365606e+02      -0.9996722919e-01       0.1559162750e+00
      0.5389706871e+01       0.3995128261e+00       0.6076837186e+00
      0.1752899952e+01       0.7001154689e+00       0.3919573931e+00
SP   3   1.00
      0.1478740622e+01      -0.2196203690e+00       0.1058760429e-01
      0.4125648801e+00       0.2255954336e+00       0.5951670053e+00
      0.1614750979e+00       0.9003984260e+00       0.4620010120e+00
