6
S   3   1.00
      0.3100983951e+04       0.1543289673e+00
      0.5648480978e+03       0.5353281423e+00
      0.1528699389e+03       0.4446345422e+00
SP   3   1.00
      0.2635019007e+03      -0.9996722919e-01       0.1559162750e+00
      0.6123217493e+02       0.3995128261e+00       0.6076837186e+00
      0.1991460372e+02       0.7001154689e+00       0.3919573931e+00
SP   3   1.00
      0.2557886692e+02      -0.2277635023e+00       0.4951511155e-02
      0.7802369707e+01       0.2175436044e+00       0.5777664691e+00
      0.3010396794e+01       0.9166769611e+00       0.4846460366e+00
SP   3   1.00
      0.2461032403e+01      -0.3088441214e+00      -0.1215468600e+00
      0.9082757342e+00       0.1960641165e-01       0.5715227604e+00
      0.4011041407e+00       0.1131034442e+01       0.5498949471e+00
SP   3   1.00
      0.4370804803e+00      -0.3842642608e+00      -0.3481691526e+00
      0.2353408164e+00      -0.1972567438e+00       0.6290323690e+00
      0.1039541771e+00       0.1375495512e+01       0.6662832743e+00
D   3   1.00
      0.2557886692e+02       0.2197679508e+00
      0.7802369707e+01       0.6555473627e+00
      0.3010396794e+01       0.2865732590e+00
