7
S   3   1.00
      0.3970868257e+04       0.1543289673e+00
      0.7232986098e+03       0.5353281423e+00
      0.1957528311e+03       0.4446345422e+00
SP   3   1.00
      0.3435846323e+03      -0.9996722919e-01       0.1559162750e+00
      0.7984167952e+02       0.3995128261e+00       0.6076837186e+00
      0.2596699219e+02       0.7001154689e+00       0.3919573931e+00
SP   3   1.00
      0.3808991983e+02      -0.2277635023e+00       0.4951511155e-02
      0.1161863962e+02       0.2175436044e+00       0.5777664691e+00
      0.4482832367e+01       0.9166769611e+00       0.4846460366e+00
SP   3   1.00
      0.3829752708e+01      -0.3306100626e+00      -0.1283927634e+00
      0.1491285854e+01       0.5761095338e-01       0.5852047641e+00
      0.6564677040e+00       0.1115578745e+01       0.5439442040e+00
SP   3   1.00
      0.4616999826e+00      -0.3842642608e+00      -0.3481691526e+00
      0.2485968963e+00      -0.1972567438e+00       0.6290323690e+00
      0.1098096207e+00       0.1375495512e+01       0.6662832743e+00
D   3   1.00
      0.3808991983e+02       0.2197679508e+00
      0.1161863962e+02       0.6555473627e+00
      0.4482832367e+01       0.2865732590e+00
D   3   1.00
      0.2101373228e+01       0.1250662138e+00
      0.8182638428e+00       0.6686785577e+00
      0.3602017580e+00       0.3052468245e+00
