5
S   3   1.00
      0.1033571245e+04       0.1543289673e+00
      0.1882662926e+03       0.5353281423e+00
      0.5095220601e+02       0.4446345422e+00
SP   3   1.00
      0.7525120460e+02      -0.9996722919e-01       0.1559162750e+00
      0.1748676162e+02       0.3995128261e+00       0.6076837186e+00
      0.5687237606e+01       0.7001154689e+00       0.3919573931e+00
SP   3   1.00
      0.5395535474e+01      -0.2277635023e+00       0.4951511155e-02
      0.1645810296e+01       0.2175436044e+00       0.5777664691e+00
      0.6350047773e+00       0.9166769611e+00       0.4846460366e+00
SP   3   1.00
      0.7122640246e+00      -0.3088441214e+00      -0.1215468600e+00
      0.2628702203e+00       0.1960641165e-01       0.5715227604e+00
      0.1160862609e+00       0.1131034442e+01       0.5498949471e+00
D   3   1.00
      0.1645981194e+01       0.2197679508e+00
      0.5020767279e+00       0.6555473627e+00
      0.1937168103e+00       0.2865732590e+00
