5
S   3   1.00
      0.1130762517e+04       0.1543289673e+00
      0.2059698041e+03       0.5353281423e+00
      0.5574346711e+02       0.4446345422e+00
SP   3   1.00
      0.8378385011e+02      -0.9996722919e-01       0.1559162750e+00
      0.1946956493e+02       0.3995128261e+00       0.6076837186e+00
      0.6332106784e+01       0.7001154689e+00       0.3919573931e+00
SP   3   1.00
      0.6141151276e+01      -0.2277635023e+00       0.4951511155e-02
      0.1873246881e+01       0.2175436044e+00       0.5777664691e+00
      0.7227568825e+00       0.9166769611e+00       0.4846460366e+00
SP   3   1.00
      0.7122640246e+00      -0.3088441214e+00      -0.1215468600e+00
      0.2628702203e+00       0.1960641165e-01       0.5715227604e+00
      0.1160862609e+00       0.1131034442e+01       0.5498949471e+00
D   3   1.00
      0.2964817927e+01       0.2197679508e+00
      0.9043639676e+00       0.6555473627e+00
      0.3489317337e+00       0.2865732590e+00
